MSE: 0.48253213669660366
Weights: [-0.42112263  1.72173764  0.72500478  2.36056096  0.25246021  1.47688525  0.17490698 -0.26690829 -0.21653093 -0.42912546  0.28969374 -0.62435936 -0.5240578   0.20668159 -0.03922784 -0.12492219  3.10770222]
